===== stream 4419 client =====
448284,1785415879.253798900,4419,94
448285,1785415879.253851700,4419,338
448286,1785415879.253921900,4419,33
448307,1785415879.298738400,4419,143
449217,1785415937.546967900,4419,41
449447,1785415954.320356000,4419,41
===== stream 4419 server =====
448282,1785415879.252480400,4419,64
448288,1785415879.254494600,4419,33
448292,1785415879.264654600,4419,5251
448313,1785415879.303531000,4419,8055
448317,1785415879.303699000,4419,4129
448331,1785415879.304443500,4419,16408
448343,1785415879.304725000,4419,16244,33
449224,1785415937.547801900,4419,41
449446,1785415954.320008100,4419,41
===== stream 4663 client =====
451880,1785416211.131631800,4663,94
451881,1785416211.131689800,4663,415
451882,1785416211.131734200,4663,293
451883,1785416211.131832100,4663,33
454079,1785416269.885795900,4663,41
454741,1785416286.155653200,4663,41
===== stream 4663 server =====
451878,1785416211.129356000,4663,64
451885,1785416211.132327800,4663,46
451888,1785416211.147001100,4663,507
454080,1785416269.889771400,4663,41
454738,1785416286.155280800,4663,41
===== stream 4735 client =====
454394,1785416279.041451800,4735,94
454395,1785416279.041550400,4735,33
454428,1785416279.258469800,4735,463
454433,1785416279.348662800,4735,266
454468,1785416279.367245000,4735,142
457816,1785416302.686291800,4735,77
457825,1785416302.770146600,4735,204
457889,1785416302.809386200,4735,76
461470,1785416308.076155700,4735,143
461471,1785416308.076224400,4735,70
481786,1785416366.360641500,4735,41
503357,1785416383.149265100,4735,41
===== stream 4735 server =====
454392,1785416279.039757200,4735,64
454397,1785416279.051680800,4735,33
454431,1785416279.272615500,4735,4006
454439,1785416279.360683200,4735,8008
454446,1785416279.364564500,4735,8225
454451,1785416279.364575200,4735,8225
454458,1785416279.365020500,4735,8225
454461,1785416279.365030900,4735,4129
454467,1785416279.365482100,4735,8251,33
454469,1785416279.373403300,4735,465
457818,1785416302.692739700,4735,2033
457856,1785416302.785308200,4735,8009
457863,1785416302.786509000,4735,8225
457865,1785416302.786510400,4735,4129
457878,1785416302.793489700,4735,16408
457884,1785416302.794278900,4735,8269,33
457891,1785416302.816944500,4735,466
461473,1785416308.076727800,4735,37
461474,1785416308.092577300,4735,445
481792,1785416366.361868600,4735,41
503352,1785416383.149071700,4735,41
===== stream 6426 client =====
638736,1785416496.539513300,6426,94
638821,1785416496.553016100,6426,33
639229,1785416496.764912700,6426,461
639965,1785416497.342544200,6426,265
640152,1785416497.480311300,6426,243
643808,1785416500.154872000,6426,76
643843,1785416500.244062400,6426,203
644002,1785416500.447886000,6426,76
652643,1785416512.694742900,6426,76
652960,1785416512.890620200,6426,182
653736,1785416512.967483200,6426,176
664653,1785416520.827353200,6426,76
664728,1785416521.002168300,6426,37
===== stream 6426 server =====
638813,1785416496.552770000,6426,64
638814,1785416496.552770600,6426,33
639284,1785416496.803745700,6426,1069
640082,1785416497.460312900,6426,8008
640085,1785416497.460480700,6426,4129
640355,1785416497.562516600,6426,16408
640585,1785416497.607912800,6426,16408,86,33,465
643814,1785416500.166758900,6426,4006
643863,1785416500.261180500,6426,8008
643866,1785416500.261182800,6426,4129
643885,1785416500.263647000,6426,16408
643899,1785416500.265137000,6426,16408,86,33
644021,1785416500.472895200,6426,465
652890,1785416512.831537200,6426,4007
653261,1785416512.932574700,6426,8008
653264,1785416512.932625400,6426,4129
653404,1785416512.946957300,6426,16408
653542,1785416512.949025100,6426,16408,86,33
653865,1785416513.088934600,6426,465
===== stream 8377 client =====
941935,1785416953.005593400,8377,94
941936,1785416953.005669200,8377,33
942050,1785416954.300509400,8377,427
942052,1785416954.314664200,8377,177
942058,1785416954.395120900,8377,174
942094,1785416954.436876800,8377,142
942176,1785416962.639875300,8377,77
942183,1785416962.707369100,8377,204
942218,1785416962.737985200,8377,76
942254,1785416968.372101200,8377,143
942255,1785416968.372365900,8377,70
942283,1785416971.459860200,8377,177
942288,1785416971.542343200,8377,180
942324,1785416971.565220400,8377,76
942337,1785416974.269693700,8377,76
942342,1785416974.297805600,8377,181
942377,1785416974.314718100,8377,76
943121,1785417034.557856300,8377,41
943438,1785417049.337548600,8377,41
===== stream 8377 server =====
941933,1785416953.000861600,8377,64
941938,1785416953.006011300,8377,33
942051,1785416954.308448900,8377,509
942055,1785416954.326470600,8377,4007
942064,1785416954.400380100,8377,8009
942071,1785416954.402159200,8377,8225
942073,1785416954.402160800,8377,4129
942086,1785416954.406328000,8377,16408
942092,1785416954.411410600,8377,8269,33
942095,1785416954.446843500,8377,466
942181,1785416962.651220300,8377,1879
942189,1785416962.712694300,8377,8008
942192,1785416962.712696000,8377,4129
942204,1785416962.715297000,8377,16408
942217,1785416962.725642200,8377,16408,86,33
942219,1785416962.742995600,8377,465
942257,1785416968.372847800,8377,37
942258,1785416968.382176300,8377,445
942286,1785416971.477162800,8377,3998
942295,1785416971.560728800,8377,8008
942301,1785416971.560744300,8377,8225
942307,1785416971.561954400,8377,8225
942313,1785416971.562002200,8377,8225
942317,1785416971.564024900,8377,4129
942322,1785416971.564036500,8377,8251,33
942325,1785416971.572595000,8377,465
942340,1785416974.276345700,8377,4000
942348,1785416974.305923900,8377,8010
942355,1785416974.306419700,8377,8225
942367,1785416974.308192000,8377,16408
942376,1785416974.310264000,8377,12365,33
942378,1785416974.337000600,8377,467
943122,1785417034.559131200,8377,41
943430,1785417049.337226400,8377,41
===== stream 8533 client =====
944354,1785417138.298779600,8533,94
944356,1785417138.299151600,8533,33
944369,1785417138.519171500,8533,463
944374,1785417138.588147300,8533,265
944412,1785417138.630037300,8533,142
944440,1785417142.959916700,8533,143
944441,1785417142.960010800,8533,70
944456,1785417144.921421300,8533,176
944461,1785417144.997492300,8533,180
944496,1785417145.005364800,8533,76
945059,1785417207.707529300,8533,41
945200,1785417220.032946500,8533,41
===== stream 8533 server =====
944355,1785417138.299027200,8533,64
944357,1785417138.299252500,8533,33
944372,1785417138.528589000,8533,1875
944382,1785417138.592896900,8533,8007
944389,1785417138.598742600,8533,8225
944391,1785417138.598745600,8533,4129
944404,1785417138.599344200,8533,16408
944410,1785417138.599804600,8533,8269,33
944413,1785417138.652403600,8533,464
944443,1785417142.968686700,8533,37
944445,1785417142.975405800,8533,444
944459,1785417144.937937900,8533,3995
944467,1785417145.002366000,8533,8007
944470,1785417145.002369900,8533,4129
944482,1785417145.002873100,8533,16408
944495,1785417145.004383100,8533,16408,86,33
944497,1785417145.013396800,8533,464
945060,1785417207.716706400,8533,41
945197,1785417220.032271000,8533,41
