CLIENT 4093 groups 21 records 50 short41 2
1 1785415583.192651987 1785415583.192791939 records 2 sizes [94, 33]
2 1785415583.867490292 1785415584.042017460 records 3 sizes [327, 72, 194]
3 1785415587.799353123 1785415587.852980375 records 2 sizes [72, 100]
4 1785415588.865786076 1785415588.899327993 records 2 sizes [78, 105]
5 1785415593.845740080 1785415593.927724123 records 2 sizes [79, 106]
6 1785415596.968625307 1785415597.005004883 records 2 sizes [79, 107]
7 1785415601.006320953 1785415601.042096376 records 2 sizes [83, 111]
8 1785415603.670453548 1785415603.758433342 records 2 sizes [73, 80]
9 1785415616.884609938 1785415617.126624346 records 5 sizes [133, 85, 176, 103, 142]
10 1785415633.937005758 1785415634.010636091 records 3 sizes [75, 203, 76]
11 1785415636.956115246 1785415636.994927883 records 4 sizes [107, 42, 181, 76]
12 1785415640.360674858 1785415640.421586752 records 3 sizes [76, 203, 76]
13 1785415643.571305990 1785415643.641514063 records 3 sizes [77, 203, 76]
14 1785415671.233272791 1785415671.233501434 records 2 sizes [90, 70]
15 1785415673.093505859 1785415673.093616486 records 2 sizes [186, 70]
16 1785415678.043294430 1785415678.043462276 records 2 sizes [186, 70]
17 1785415680.326585531 1785415680.394139290 records 3 sizes [175, 200, 146]
18 1785415684.179563522 1785415684.179563522 records 1 sizes [79]
19 1785415694.874526262 1785415694.950890064 records 3 sizes [328, 288, 177]
20 1785415753.388355970 1785415753.388355970 records 1 sizes [41]
21 1785415769.959011316 1785415769.959011316 records 1 sizes [41]
CLIENT 4419 groups 3 records 6 short41 2
1 1785415879.253798962 1785415879.298738480 records 4 sizes [94, 338, 33, 143]
2 1785415937.546967983 1785415937.546967983 records 1 sizes [41]
3 1785415954.320355892 1785415954.320355892 records 1 sizes [41]
CLIENT 4663 groups 3 records 6 short41 2
1 1785416211.131631851 1785416211.131832123 records 4 sizes [94, 415, 293, 33]
2 1785416269.885795832 1785416269.885795832 records 1 sizes [41]
3 1785416286.155653238 1785416286.155653238 records 1 sizes [41]
CLIENT 4735 groups 5 records 12 short41 2
1 1785416279.041451693 1785416279.367244959 records 5 sizes [94, 33, 463, 266, 142]
2 1785416302.686291695 1785416302.809386253 records 3 sizes [77, 204, 76]
3 1785416308.076155663 1785416308.076224327 records 2 sizes [143, 70]
4 1785416366.360641479 1785416366.360641479 records 1 sizes [41]
5 1785416383.149265051 1785416383.149265051 records 1 sizes [41]
CLIENT 6426 groups 5 records 13 short41 0
1 1785416496.539513350 1785416496.764912605 records 3 sizes [94, 33, 461]
2 1785416497.342544317 1785416497.480311394 records 2 sizes [265, 243]
3 1785416500.154871941 1785416500.447885990 records 3 sizes [76, 203, 76]
4 1785416512.694742918 1785416512.967483282 records 3 sizes [76, 182, 176]
5 1785416520.827353239 1785416521.002168417 records 2 sizes [76, 37]
CLIENT 8377 groups 8 records 19 short41 2
1 1785416953.005593300 1785416953.005669117 records 2 sizes [94, 33]
2 1785416954.300509453 1785416954.436876774 records 4 sizes [427, 177, 174, 142]
3 1785416962.639875412 1785416962.737985134 records 3 sizes [77, 204, 76]
4 1785416968.372101307 1785416968.372365952 records 2 sizes [143, 70]
5 1785416971.459860086 1785416971.565220356 records 3 sizes [177, 180, 76]
6 1785416974.269693613 1785416974.314718008 records 3 sizes [76, 181, 76]
7 1785417034.557856321 1785417034.557856321 records 1 sizes [41]
8 1785417049.337548494 1785417049.337548494 records 1 sizes [41]
CLIENT 8533 groups 5 records 12 short41 2
1 1785417138.298779488 1785417138.630037308 records 5 sizes [94, 33, 463, 265, 142]
2 1785417142.959916592 1785417142.960010767 records 2 sizes [143, 70]
3 1785417144.921421289 1785417145.005364895 records 3 sizes [176, 180, 76]
4 1785417207.707529306 1785417207.707529306 records 1 sizes [41]
5 1785417220.032946587 1785417220.032946587 records 1 sizes [41]
